2867
1634
2544
1145
1591
2657
575
2106
1630
2925
2355
321
1899
2459
2248
2504
1995
1132
88
2250
180
1728
81
812
1930
64
487
1332
603
159
1000
1338
91
15
1510
827
2357
1494
1881
182
2347
706
1592
2959
1493
1489
2685
2283
1299
513
2397
2623
1221
391
705
698
778
825
2775
2841
2513
2869
2037
277
233
2076
2865
2479
687
2596
132
874
2465
1099
270
1062
212
652
1388
729
1167
1955
2760
347
937
2876
83
1969
2672
1659
2721
742
1754
2711
323
1203
1637
2012
2833
1273
740
223
2089
1302
230
2078
2162
150
1752
1900
1724
309
330
142
684
884
185
2321
2217
1522
1368
596
1286
1490
423
427
716
447
2298
1223
251
2549
1162
2441
253
337
2437
2526
134
1248
1598
196
2753
2894
771
1001
1233
505
553
482
2099
1078
2057
186
2857
2651
1992
1753
1271
1633
889
1810
2185
2354
2241
832
2536
1791
490
911
1682
2453
298
788
585
165
17
2343
2759
1198
1229
2468
1739
1171
1760
2486
1487
2320
2815
305
521
2510
1345
313
2157
2058
2707
2244
27
2024
2325
1802
316
1855
861
1129
2166
1880
582
2631
1154
2142
2582
550
2059
883
2429
1114
2432
2221
2168
797
2740
1981
689
51
2369
2417
138
1629
885
1865
624
699
932
2636
1144
1265
924
2167
1030
682
2552
2021
1417
352
1068
741
2
2774
1272
1795
988
2161
1747
1442
2011
727
2427
2367
993
1678
455
62
2431
964
2207
1130
2390
254
1310
1531
2208
868
1734
1398
2806
2360
2648
1495
1267
82
392
1109
477
1535
718
586
1117
239
1750
1384
2540
2236
1106
2749
2550
1751
1847
430
2712
1668
2234
2264
2137
1744
904
2451
2734
489
763
587
2009
1539
2768
2553
2558
607
2002
1104
2697
110
170
2015
374
2864
548
2532
387
1777
28
760
497
213
2960
167
2524
1799
1468
635
2271
2260
1765
2303
2922
1274
2559
1142
1452
853
1783
2951
1073
217
442
677
1128
269
2051
1508
1601
1136
2650
71
2837
63
618
109
2772
280
2880
1385
1027
1808
1463
2816
2484
1645
1187
5
5
1187
1645
2484
2816
1463
1808
1027
1385
2880
280
2772
109
618
63
2837
71
2650
1136
1601
1508
2051
269
1128
677
442
217
1073
2951
1783
853
1452
1142
2559
1274
2922
2303
1765
2260
2271
635
1468
1799
2524
167
2960
213
497
760
28
1777
387
2532
548
2864
374
2015
170
110
2697
1104
2002
607
2558
2553
2768
1539
2009
587
763
489
2734
2451
904
1744
2137
2264
2234
1668
2712
430
1847
1751
2550
2749
1106
2236
2540
1384
1750
239
1117
586
718
1535
477
1109
392
82
1267
1495
2648
2360
2806
1398
1734
868
2208
1531
1310
254
2390
1130
2207
964
2431
62
455
1678
993
2367
2427
727
2011
1442
1747
2161
988
1795
1272
2774
2
741
1068
352
1417
2021
2552
682
1030
2167
924
1265
1144
2636
932
699
624
1865
885
1629
138
2417
2369
51
689
1981
2740
797
2168
2221
2432
1114
2429
883
2059
550
2582
2142
1154
2631
582
1880
2166
1129
861
1855
316
1802
2325
2024
27
2244
2707
2058
2157
313
1345
2510
521
305
2815
2320
1487
2486
1760
1171
1739
2468
1229
1198
2759
2343
17
165
585
788
298
2453
1682
911
490
1791
2536
832
2241
2354
2185
1810
889
1633
1271
1753
1992
2651
2857
186
2057
1078
2099
482
553
505
1233
1001
771
2894
2753
196
1598
1248
134
2526
2437
337
253
2441
1162
2549
251
1223
2298
447
716
427
423
1490
1286
596
1368
1522
2217
2321
185
884
684
142
330
309
1724
1900
1752
150
2162
2078
230
1302
2089
223
740
1273
2833
2012
1637
1203
323
2711
1754
742
2721
1659
2672
1969
83
2876
937
347
2760
1955
1167
729
1388
652
212
1062
270
1099
2465
874
132
2596
687
2479
2865
2076
233
277
2037
2869
2513
2841
2775
825
778
698
705
391
1221
2623
2397
513
1299
2283
2685
1489
1493
2959
1592
706
2347
182
1881
1494
2357
827
1510
15
91
1338
1000
159
603
1332
487
64
1930
812
81
1728
180
2250
88
1132
1995
2504
2248
2459
1899
321
2355
2925
1630
2106
575
2657
1591
1145
2544
1634
2867
