36
147
331
393
27
346
420
438
394
484
97
468
162
341
266
399
357
433
184
280
49
415
291
167
323
52
321
507
155
499
210
477
198
242
187
368
8
264
441
147
161
422
353
377
2
349
260
86
564
534
332
21
525
449
413
261
430
210
319
210
190
328
259
74
409
55
421
91
33
118
457
111
361
39
530
208
458
112
451
536
478
148
514
160
495
310
241
379
359
250
359
139
308
156
120
44
548
237
35
5
483
309
220
567
192
216
147
408
422
128
305
561
201
382
327
371
92
359
70
414
62
248
517
246
402
278
154
520
289
385
136
212
170
303
228
407
101
472
85
175
131
149
223
542
176
238
422
533
